# nr0 = 10
# nr2 = 10
# nr4 = 0
2.344229e-01 5.625227e+01
7.852356e-01 2.581572e+01
1.496236e+00 1.347816e+01
2.851019e+00 6.413612e+00
5.432503e+00 2.478590e+00
8.810489e+00 1.203266e+00
1.216186e+01 6.791802e-01
1.678804e+01 3.702069e-01
2.317395e+01 1.912417e-01
3.198895e+01 9.139137e-02
2.344229e-01 6.077344e+01
7.852356e-01 2.833649e+01
1.496236e+00 1.272739e+01
2.851019e+00 4.285658e+00
5.432503e+00 5.918524e-01
8.810489e+00 -9.919325e-02
1.216186e+01 -1.618654e-01
1.678804e+01 -1.306268e-01
2.317395e+01 -8.683751e-02
3.198895e+01 -5.364273e-02
