# nr0 = 10
# nr2 = 10
# nr4 = 0
2.344229e-01 5.173489e+01
7.852356e-01 2.134028e+01
1.496236e+00 1.131644e+01
2.851019e+00 6.058393e+00
5.432503e+00 2.690369e+00
8.810489e+00 1.386021e+00
1.216186e+01 7.896614e-01
1.678804e+01 4.297223e-01
2.317395e+01 2.214532e-01
3.198895e+01 1.057581e-01
2.344229e-01 6.082753e+01
7.852356e-01 2.802342e+01
1.496236e+00 1.164016e+01
2.851019e+00 4.251056e+00
5.432503e+00 9.114103e-01
8.810489e+00 -1.755507e-02
1.216186e+01 -2.205023e-01
1.678804e+01 -2.191108e-01
2.317395e+01 -1.598099e-01
3.198895e+01 -1.013371e-01
