# nr0 = 10
# nr2 = 10
# nr4 = 0
2.344229e-01 5.192160e+01
7.852356e-01 2.172386e+01
1.496236e+00 1.150560e+01
2.851019e+00 6.117636e+00
5.432503e+00 2.684337e+00
8.810489e+00 1.373684e+00
1.216186e+01 7.813177e-01
1.678804e+01 4.245001e-01
2.317395e+01 2.191241e-01
3.198895e+01 1.047262e-01
2.344229e-01 6.160657e+01
7.852356e-01 2.812351e+01
1.496236e+00 1.171757e+01
2.851019e+00 4.294284e+00
5.432503e+00 8.806866e-01
8.810489e+00 -3.925099e-02
1.216186e+01 -2.254286e-01
1.678804e+01 -2.173142e-01
2.317395e+01 -1.559366e-01
3.198895e+01 -9.816426e-02
