# nr0 = 10
# nr2 = 10
# nr4 = 0
2.344229e-01 5.634753e+01
7.852356e-01 2.604851e+01
1.496236e+00 1.357242e+01
2.851019e+00 6.400011e+00
5.432503e+00 2.449908e+00
8.810489e+00 1.185727e+00
1.216186e+01 6.691482e-01
1.678804e+01 3.655108e-01
2.317395e+01 1.887206e-01
3.198895e+01 8.995829e-02
2.344229e-01 6.045547e+01
7.852356e-01 2.826172e+01
1.496236e+00 1.275633e+01
2.851019e+00 4.268422e+00
5.432503e+00 5.829728e-01
8.810489e+00 -8.767706e-02
1.216186e+01 -1.481740e-01
1.678804e+01 -1.187530e-01
2.317395e+01 -8.025520e-02
3.198895e+01 -4.921903e-02
