# nr0 = 10
# nr2 = 10
# nr4 = 0
2.344229e-01 5.284014e+01
7.852356e-01 2.264979e+01
1.496236e+00 1.198117e+01
2.851019e+00 6.252893e+00
5.432503e+00 2.653567e+00
8.810489e+00 1.332847e+00
1.216186e+01 7.540923e-01
1.678804e+01 4.096672e-01
2.317395e+01 2.115244e-01
3.198895e+01 1.011148e-01
2.344229e-01 6.137297e+01
7.852356e-01 2.825560e+01
1.496236e+00 1.198162e+01
2.851019e+00 4.331373e+00
5.432503e+00 8.000170e-01
8.810489e+00 -7.844562e-02
1.216186e+01 -2.261296e-01
1.678804e+01 -2.018322e-01
2.317395e+01 -1.404080e-01
3.198895e+01 -8.787959e-02
