# nr0 = 10
# nr2 = 10
# nr4 = 0
2.344229e-01 5.229266e+01
7.852356e-01 2.188034e+01
1.496236e+00 1.165016e+01
2.851019e+00 6.157875e+00
5.432503e+00 2.677714e+00
8.810489e+00 1.362037e+00
1.216186e+01 7.722038e-01
1.678804e+01 4.194010e-01
2.317395e+01 2.163809e-01
3.198895e+01 1.034032e-01
2.344229e-01 6.103544e+01
7.852356e-01 2.803580e+01
1.496236e+00 1.186851e+01
2.851019e+00 4.317664e+00
5.432503e+00 8.526367e-01
8.810489e+00 -4.943513e-02
1.216186e+01 -2.258473e-01
1.678804e+01 -2.124727e-01
2.317395e+01 -1.507585e-01
3.198895e+01 -9.432730e-02
