# nr0 = 10
# nr2 = 10
# nr4 = 0
2.344229e-01 5.243883e+01
7.852356e-01 2.222081e+01
1.496236e+00 1.183182e+01
2.851019e+00 6.206171e+00
5.432503e+00 2.667132e+00
8.810489e+00 1.349149e+00
1.216186e+01 7.648161e-01
1.678804e+01 4.150395e-01
2.317395e+01 2.144731e-01
3.198895e+01 1.023561e-01
2.344229e-01 5.995679e+01
7.852356e-01 2.763543e+01
1.496236e+00 1.188083e+01
2.851019e+00 4.310926e+00
5.432503e+00 8.285551e-01
8.810489e+00 -6.658712e-02
1.216186e+01 -2.272903e-01
1.678804e+01 -2.066174e-01
2.317395e+01 -1.460415e-01
3.198895e+01 -9.113128e-02
