# nr0 = 10
# nr2 = 10
# nr4 = 0
2.344229e-01 5.437696e+01
7.852356e-01 2.405251e+01
1.496236e+00 1.272952e+01
2.851019e+00 6.386648e+00
5.432503e+00 2.594428e+00
8.810489e+00 1.278200e+00
1.216186e+01 7.196289e-01
1.678804e+01 3.912184e-01
2.317395e+01 2.019025e-01
3.198895e+01 9.627400e-02
2.344229e-01 5.990712e+01
7.852356e-01 2.808524e+01
1.496236e+00 1.236615e+01
2.851019e+00 4.330629e+00
5.432503e+00 6.890104e-01
8.810489e+00 -1.118050e-01
1.216186e+01 -2.110110e-01
1.678804e+01 -1.754934e-01
2.317395e+01 -1.176110e-01
3.198895e+01 -7.180207e-02
