# nr0 = 10
# nr2 = 10
# nr4 = 0
2.344229e-01 5.518218e+01
7.852356e-01 2.468166e+01
1.496236e+00 1.306120e+01
2.851019e+00 6.414519e+00
5.432503e+00 2.552126e+00
8.810489e+00 1.248906e+00
1.216186e+01 7.027933e-01
1.678804e+01 3.822820e-01
2.317395e+01 1.977008e-01
3.198895e+01 9.438879e-02
2.344229e-01 6.124288e+01
7.852356e-01 2.788864e+01
1.496236e+00 1.257751e+01
2.851019e+00 4.318493e+00
5.432503e+00 6.381133e-01
8.810489e+00 -1.121710e-01
1.216186e+01 -1.954276e-01
1.678804e+01 -1.577436e-01
2.317395e+01 -1.050410e-01
3.198895e+01 -6.444211e-02
