# nr0 = 10
# nr2 = 10
# nr4 = 0
2.344229e-01 5.537013e+01
7.852356e-01 2.508380e+01
1.496236e+00 1.315213e+01
2.851019e+00 6.420125e+00
5.432503e+00 2.526745e+00
8.810489e+00 1.232115e+00
1.216186e+01 6.927648e-01
1.678804e+01 3.774812e-01
2.317395e+01 1.952604e-01
3.198895e+01 9.311120e-02
2.344229e-01 6.055210e+01
7.852356e-01 2.801887e+01
1.496236e+00 1.254126e+01
2.851019e+00 4.317168e+00
5.432503e+00 6.210734e-01
8.810489e+00 -1.100039e-01
1.216186e+01 -1.856338e-01
1.678804e+01 -1.480608e-01
2.317395e+01 -9.958163e-02
3.198895e+01 -6.079225e-02
