# nr0 = 10
# nr2 = 10
# nr4 = 0
2.344229e-01 5.899386e+01
7.852356e-01 2.828046e+01
1.496236e+00 1.528183e+01
2.851019e+00 7.148390e+00
5.432503e+00 2.608190e+00
8.810489e+00 1.258941e+00
1.216186e+01 7.119920e-01
1.678804e+01 3.890835e-01
2.317395e+01 2.012598e-01
3.198895e+01 9.609120e-02
2.344229e-01 6.418864e+01
7.852356e-01 2.774955e+01
1.496236e+00 1.198720e+01
2.851019e+00 3.179598e+00
5.432503e+00 -3.115180e-02
8.810489e+00 -3.523808e-01
1.216186e+01 -2.887728e-01
1.678804e+01 -1.977565e-01
2.317395e+01 -1.241197e-01
3.198895e+01 -7.371098e-02
