# nr0 = 10
# nr2 = 10
# nr4 = 0
2.344229e-01 5.746040e+01
7.852356e-01 2.659479e+01
1.496236e+00 1.373053e+01
2.851019e+00 6.353983e+00
5.432503e+00 2.392420e+00
8.810489e+00 1.157936e+00
1.216186e+01 6.534526e-01
1.678804e+01 3.574652e-01
2.317395e+01 1.846465e-01
3.198895e+01 8.797816e-02
2.344229e-01 5.984186e+01
7.852356e-01 2.803892e+01
1.496236e+00 1.297044e+01
2.851019e+00 4.251182e+00
5.432503e+00 5.800835e-01
8.810489e+00 -5.583900e-02
1.216186e+01 -1.195043e-01
1.678804e+01 -9.944798e-02
2.317395e+01 -6.739747e-02
3.198895e+01 -4.232807e-02
