# nr0 = 10
# nr2 = 10
# nr4 = 0
2.344229e-01 5.349684e+01
7.852356e-01 2.334408e+01
1.496236e+00 1.234673e+01
2.851019e+00 6.318663e+00
5.432503e+00 2.626394e+00
8.810489e+00 1.308747e+00
1.216186e+01 7.370574e-01
1.678804e+01 4.011916e-01
2.317395e+01 2.069122e-01
3.198895e+01 9.857916e-02
2.344229e-01 6.121305e+01
7.852356e-01 2.801728e+01
1.496236e+00 1.215007e+01
2.851019e+00 4.323726e+00
5.432503e+00 7.467130e-01
8.810489e+00 -9.991009e-02
1.216186e+01 -2.210401e-01
1.678804e+01 -1.894434e-01
2.317395e+01 -1.291251e-01
3.198895e+01 -8.042076e-02
