# nr0 = 10
# nr2 = 10
# nr4 = 0
2.344229e-01 5.738748e+01
7.852356e-01 2.626262e+01
1.496236e+00 1.364576e+01
2.851019e+00 6.373611e+00
5.432503e+00 2.420478e+00
8.810489e+00 1.172211e+00
1.216186e+01 6.609769e-01
1.678804e+01 3.612677e-01
2.317395e+01 1.869111e-01
3.198895e+01 8.896869e-02
2.344229e-01 5.913586e+01
7.852356e-01 2.813983e+01
1.496236e+00 1.286952e+01
2.851019e+00 4.240809e+00
5.432503e+00 5.768603e-01
8.810489e+00 -7.008858e-02
1.216186e+01 -1.350213e-01
1.678804e+01 -1.094549e-01
2.317395e+01 -7.307616e-02
3.198895e+01 -4.595587e-02
