# nr0 = 10
# nr2 = 10
# nr4 = 0
2.344229e-01 5.586860e+01
7.852356e-01 2.546012e+01
1.496236e+00 1.335190e+01
2.851019e+00 6.423337e+00
5.432503e+00 2.503585e+00
8.810489e+00 1.217507e+00
1.216186e+01 6.866526e-01
1.678804e+01 3.745625e-01
2.317395e+01 1.933469e-01
3.198895e+01 9.201248e-02
2.344229e-01 6.073301e+01
7.852356e-01 2.842359e+01
1.496236e+00 1.271882e+01
2.851019e+00 4.290203e+00
5.432503e+00 5.996643e-01
8.810489e+00 -1.067969e-01
1.216186e+01 -1.736920e-01
1.678804e+01 -1.395854e-01
2.317395e+01 -9.398492e-02
3.198895e+01 -5.709538e-02
