# nr0 = 10
# nr2 = 10
# nr4 = 0
2.344229e-01 5.300047e+01
7.852356e-01 2.291816e+01
1.496236e+00 1.217041e+01
2.851019e+00 6.293123e+00
5.432503e+00 2.642893e+00
8.810489e+00 1.320416e+00
1.216186e+01 7.467532e-01
1.678804e+01 4.052261e-01
2.317395e+01 2.089824e-01
3.198895e+01 9.981289e-02
2.344229e-01 6.065307e+01
7.852356e-01 2.787917e+01
1.496236e+00 1.204171e+01
2.851019e+00 4.313856e+00
5.432503e+00 7.724511e-01
8.810489e+00 -8.851834e-02
1.216186e+01 -2.241779e-01
1.678804e+01 -1.965781e-01
2.317395e+01 -1.345889e-01
3.198895e+01 -8.297382e-02
