# nr0 = 10
# nr2 = 10
# nr4 = 0
2.344229e-01 5.358827e+01
7.852356e-01 2.372697e+01
1.496236e+00 1.256890e+01
2.851019e+00 6.362225e+00
5.432503e+00 2.614286e+00
8.810489e+00 1.293514e+00
1.216186e+01 7.291276e-01
1.678804e+01 3.964402e-01
2.317395e+01 2.046062e-01
3.198895e+01 9.777998e-02
2.344229e-01 6.150287e+01
7.852356e-01 2.814147e+01
1.496236e+00 1.230574e+01
2.851019e+00 4.320167e+00
5.432503e+00 7.106809e-01
8.810489e+00 -1.045142e-01
1.216186e+01 -2.149780e-01
1.678804e+01 -1.828562e-01
2.317395e+01 -1.234592e-01
3.198895e+01 -7.579632e-02
