# nr0 = 10
# nr2 = 10
# nr4 = 0
2.344229e-01 5.458791e+01
7.852356e-01 2.439088e+01
1.496236e+00 1.286977e+01
2.851019e+00 6.394425e+00
5.432503e+00 2.569881e+00
8.810489e+00 1.262534e+00
1.216186e+01 7.111979e-01
1.678804e+01 3.872264e-01
2.317395e+01 1.998922e-01
3.198895e+01 9.528478e-02
2.344229e-01 5.959535e+01
7.852356e-01 2.809604e+01
1.496236e+00 1.244432e+01
2.851019e+00 4.319856e+00
5.432503e+00 6.566064e-01
8.810489e+00 -1.131801e-01
1.216186e+01 -2.042541e-01
1.678804e+01 -1.668902e-01
2.317395e+01 -1.119956e-01
3.198895e+01 -6.887752e-02
