# nr0 = 10
# nr2 = 10
# nr4 = 0
2.344229e-01 4.267131e+02
7.852356e-01 4.563044e+01
1.496236e+00 1.500203e+01
2.851019e+00 7.272993e+00
5.432503e+00 2.652027e+00
8.810489e+00 1.253002e+00
1.216186e+01 7.035000e-01
1.678804e+01 3.846469e-01
2.317395e+01 1.996948e-01
3.198895e+01 9.560151e-02
2.344229e-01 -9.680755e+00
7.852356e-01 -3.145025e+00
1.496236e+00 2.047836e+00
2.851019e+00 6.555001e-01
5.432503e+00 -7.349151e-01
8.810489e+00 -6.450353e-01
1.216186e+01 -4.161698e-01
1.678804e+01 -2.445624e-01
2.317395e+01 -1.386886e-01
3.198895e+01 -7.781826e-02
